link id flightID timeDepart timeArrive price1 price2 price3 
https://beta.cebupacificair.com/Flight/InternalSelect?s=true&o1=CGY&d1=MNL&dd1=2017-03-08&mon=true 0  382 0630  0800      4012.28  4393.08  4594.68 
00 1  384 0955  1130      4908.28  5289.08  5490.68 
00 2  380 1110  1235      3586.68  3967.48  4169.08 
00 3  392 1335  1510      3586.68  3967.48  4169.08 
00 4  386 1410  1535      3586.68  3967.48  4169.08 
00 5  390 1630  1800      2981.88          3362.68          3564.28         
00 6  396 2210  2340      2981.88  3362.68  3564.28  6739 
00 7  966 0615  0710   1235  1430        6609.56  6990.36  7393.56  6739 
00 8  964 0615  0710   1010  1200        6609.56  6990.36  7393.56  6716 
00 9  572 0850  0940   1605  1720        4702.04  5082.84  5486.04  6716 
00 10  580 0850  0940   1150  1305        5396.44  5777.24  6180.44  6718 
00 11  576 1120  1210   1850  2010        5643.96  6024.76  6427.96  6718 
00 12  570 1120  1210   1810  1930        5957.56  6338.36  6741.56  6718 
00 13  572 1120  1210   1605  1720