link id flightID timeDepart timeArrive price1 price2 price3 
https://beta.cebupacificair.com/Flight/InternalSelect?s=true&o1=CEB&d1=MNL&dd1=2017-04-15&mon=true 0  586 0415  0540      3517.08          3897.88          4099.48         
00 1  554 0430  0545      3517.08  3897.88  4099.48 
00 2  562 0810  0930      3864.28  4245.08  4446.68 
00 3  564 0855  1015      3864.28          4245.08          4446.68         
00 4  578 0935  1055      4256.28  4637.08  4838.68 
00 5  568 1035  1200      6787.48          7168.28          7369.88         
00 6  580 1150  1305      8030.68  8411.48  8613.08 
00 7  566 1500  1625      8030.68  8411.48  8613.08 
00 8  572 1605  1720      8702.68  9083.48  9285.08 
00 9  570 1825  1945      8702.68  9083.48  9285.08 
00 10  576 1900  2020      8702.68  9083.48  9285.08 
00 11  556 2145  2310      8702.68  9083.48  9285.08 
00 12  588 2255  0015          8030.68  8411.48  8613.08 5